00111000000001010000000010010000
10001000000000010000000010100000
10001100001000000000000100001111
10010100010000001000000100000010
10011000011000010000001000000011
01000100100000100010100000000000
00111000000001010000000000000000
10001000101001011111111111111111
00100000000000000000000000000000
00110000101000001111111111111101
00111000000001011111111111111100
00111000000001100000000000000100
00101000101001100000000000000011
10011100101001010000000000000001
00100000000000000000000000000000
00100100000000000000000000011100
00111000010000010000000001110000
10000100000000011010100100110010
00110100010000000000000001110100
00111100000000000000000000001101
11111111111111111111111111111111
11111111111111111111111111111110
11111111111111111111111111111001
00000000000000000000000000000010
00000000000000000000000000000101
00000000000000000000000000001000
11111111111111111111111111111100
00000000000000000000000000001010
00000000000000000000000000000111
00000000000000000000000000001001
00000000000000000000000000000001
00000000000000000000000000000000
11111111111111111111111111111111
00000000000000000000000000000001
11111111111111111111111111111111
00000000000000000000000000000000