10001000000000000000000001011000
10001000001000010000000001110100
00111000001000110000000000000000
00110100001000110000000001000000
10001000001000011111111111111100
00101100001000001111111111111100
00111100000000000000000000001101
11111111111111111111111111111111
11111111111111111111111111111110
11111111111111111111111111111101
11111111111111111111111111111100
11111111111111111111111111111011
11111111111111111111111111111010
11111111111111111111111111111001
11111111111111111111111111111000
00000000000000000000000000000000
00000000000000000000000000000000
00000000000000000000000000000000
00000000000000000000000000000000
00000000000000000000000000000000
00000000000000000000000000000000
00000000000000000000000000000000
00000000000000000000000000000000
00000000000000000000000000000001
00000000000000000000000000000010
00000000000000000000000000000011
00000000000000000000000000000100
00000000000000000000000000000101
00000000000000000000000000000110
00000000000000000000000000000111
00000000000000000000000000001000