10000000000000010101101101011101
10010000001000000101011010110101
01000000010000000000100000000000
01001000011000100000000000000000
01001100011000100000000000000000
01010111111000100000100000000000
01010000010111110000100000000000
01011000011000000001000000000000
01011100011000000001000000000000
00111100000000000000000000001101
00000000000000000000000000001010
00000000000000000000000000000111
00000000000000000000000000000000
00000000000000000000000000000000
11111111111111111111111101010101
00000000000000000000000000000000
11111111111111111111111111111111
11111111111111111111111101000000