--------------------
Cycle 1:	64	ADDI R0, R0, #88

Registers
R00:	88	0	0	0	0	0	0	0
R08:	0	0	0	0	0	0	0	0
R16:	0	0	0	0	0	0	0	0
R24:	0	0	0	0	0	0	0	0

Data
92:	-1	-2	-3	-4	-5	-6	-7	-8	
124:	0	0	0	0	0	0	0	0	
156:	1	2	3	4	5	6	7	8	

--------------------
Cycle 2:	68	ADDI R1, R1, #116

Registers
R00:	88	116	0	0	0	0	0	0
R08:	0	0	0	0	0	0	0	0
R16:	0	0	0	0	0	0	0	0
R24:	0	0	0	0	0	0	0	0

Data
92:	-1	-2	-3	-4	-5	-6	-7	-8	
124:	0	0	0	0	0	0	0	0	
156:	1	2	3	4	5	6	7	8	

--------------------
Cycle 3:	72	LW R3, 0(R1)

Registers
R00:	88	116	0	-7	0	0	0	0
R08:	0	0	0	0	0	0	0	0
R16:	0	0	0	0	0	0	0	0
R24:	0	0	0	0	0	0	0	0

Data
92:	-1	-2	-3	-4	-5	-6	-7	-8	
124:	0	0	0	0	0	0	0	0	
156:	1	2	3	4	5	6	7	8	

--------------------
Cycle 4:	76	SW R3, 64(R1)

Registers
R00:	88	116	0	-7	0	0	0	0
R08:	0	0	0	0	0	0	0	0
R16:	0	0	0	0	0	0	0	0
R24:	0	0	0	0	0	0	0	0

Data
92:	-1	-2	-3	-4	-5	-6	-7	-8	
124:	0	0	0	0	0	0	0	0	
156:	1	2	3	4	5	6	-7	8	

--------------------
Cycle 5:	80	ADDI R1, R1, #-4

Registers
R00:	88	112	0	-7	0	0	0	0
R08:	0	0	0	0	0	0	0	0
R16:	0	0	0	0	0	0	0	0
R24:	0	0	0	0	0	0	0	0

Data
92:	-1	-2	-3	-4	-5	-6	-7	-8	
124:	0	0	0	0	0	0	0	0	
156:	1	2	3	4	5	6	-7	8	

--------------------
Cycle 6:	84	BNE R1, R0,  #-4

Registers
R00:	88	112	0	-7	0	0	0	0
R08:	0	0	0	0	0	0	0	0
R16:	0	0	0	0	0	0	0	0
R24:	0	0	0	0	0	0	0	0

Data
92:	-1	-2	-3	-4	-5	-6	-7	-8	
124:	0	0	0	0	0	0	0	0	
156:	1	2	3	4	5	6	-7	8	

--------------------
Cycle 7:	72	LW R3, 0(R1)

Registers
R00:	88	112	0	-6	0	0	0	0
R08:	0	0	0	0	0	0	0	0
R16:	0	0	0	0	0	0	0	0
R24:	0	0	0	0	0	0	0	0

Data
92:	-1	-2	-3	-4	-5	-6	-7	-8	
124:	0	0	0	0	0	0	0	0	
156:	1	2	3	4	5	6	-7	8	

--------------------
Cycle 8:	76	SW R3, 64(R1)

Registers
R00:	88	112	0	-6	0	0	0	0
R08:	0	0	0	0	0	0	0	0
R16:	0	0	0	0	0	0	0	0
R24:	0	0	0	0	0	0	0	0

Data
92:	-1	-2	-3	-4	-5	-6	-7	-8	
124:	0	0	0	0	0	0	0	0	
156:	1	2	3	4	5	-6	-7	8	

--------------------
Cycle 9:	80	ADDI R1, R1, #-4

Registers
R00:	88	108	0	-6	0	0	0	0
R08:	0	0	0	0	0	0	0	0
R16:	0	0	0	0	0	0	0	0
R24:	0	0	0	0	0	0	0	0

Data
92:	-1	-2	-3	-4	-5	-6	-7	-8	
124:	0	0	0	0	0	0	0	0	
156:	1	2	3	4	5	-6	-7	8	

--------------------
Cycle 10:	84	BNE R1, R0,  #-4

Registers
R00:	88	108	0	-6	0	0	0	0
R08:	0	0	0	0	0	0	0	0
R16:	0	0	0	0	0	0	0	0
R24:	0	0	0	0	0	0	0	0

Data
92:	-1	-2	-3	-4	-5	-6	-7	-8	
124:	0	0	0	0	0	0	0	0	
156:	1	2	3	4	5	-6	-7	8	

--------------------
Cycle 11:	72	LW R3, 0(R1)

Registers
R00:	88	108	0	-5	0	0	0	0
R08:	0	0	0	0	0	0	0	0
R16:	0	0	0	0	0	0	0	0
R24:	0	0	0	0	0	0	0	0

Data
92:	-1	-2	-3	-4	-5	-6	-7	-8	
124:	0	0	0	0	0	0	0	0	
156:	1	2	3	4	5	-6	-7	8	

--------------------
Cycle 12:	76	SW R3, 64(R1)

Registers
R00:	88	108	0	-5	0	0	0	0
R08:	0	0	0	0	0	0	0	0
R16:	0	0	0	0	0	0	0	0
R24:	0	0	0	0	0	0	0	0

Data
92:	-1	-2	-3	-4	-5	-6	-7	-8	
124:	0	0	0	0	0	0	0	0	
156:	1	2	3	4	-5	-6	-7	8	

--------------------
Cycle 13:	80	ADDI R1, R1, #-4

Registers
R00:	88	104	0	-5	0	0	0	0
R08:	0	0	0	0	0	0	0	0
R16:	0	0	0	0	0	0	0	0
R24:	0	0	0	0	0	0	0	0

Data
92:	-1	-2	-3	-4	-5	-6	-7	-8	
124:	0	0	0	0	0	0	0	0	
156:	1	2	3	4	-5	-6	-7	8	

--------------------
Cycle 14:	84	BNE R1, R0,  #-4

Registers
R00:	88	104	0	-5	0	0	0	0
R08:	0	0	0	0	0	0	0	0
R16:	0	0	0	0	0	0	0	0
R24:	0	0	0	0	0	0	0	0

Data
92:	-1	-2	-3	-4	-5	-6	-7	-8	
124:	0	0	0	0	0	0	0	0	
156:	1	2	3	4	-5	-6	-7	8	

--------------------
Cycle 15:	72	LW R3, 0(R1)

Registers
R00:	88	104	0	-4	0	0	0	0
R08:	0	0	0	0	0	0	0	0
R16:	0	0	0	0	0	0	0	0
R24:	0	0	0	0	0	0	0	0

Data
92:	-1	-2	-3	-4	-5	-6	-7	-8	
124:	0	0	0	0	0	0	0	0	
156:	1	2	3	4	-5	-6	-7	8	

--------------------
Cycle 16:	76	SW R3, 64(R1)

Registers
R00:	88	104	0	-4	0	0	0	0
R08:	0	0	0	0	0	0	0	0
R16:	0	0	0	0	0	0	0	0
R24:	0	0	0	0	0	0	0	0

Data
92:	-1	-2	-3	-4	-5	-6	-7	-8	
124:	0	0	0	0	0	0	0	0	
156:	1	2	3	-4	-5	-6	-7	8	

--------------------
Cycle 17:	80	ADDI R1, R1, #-4

Registers
R00:	88	100	0	-4	0	0	0	0
R08:	0	0	0	0	0	0	0	0
R16:	0	0	0	0	0	0	0	0
R24:	0	0	0	0	0	0	0	0

Data
92:	-1	-2	-3	-4	-5	-6	-7	-8	
124:	0	0	0	0	0	0	0	0	
156:	1	2	3	-4	-5	-6	-7	8	

--------------------
Cycle 18:	84	BNE R1, R0,  #-4

Registers
R00:	88	100	0	-4	0	0	0	0
R08:	0	0	0	0	0	0	0	0
R16:	0	0	0	0	0	0	0	0
R24:	0	0	0	0	0	0	0	0

Data
92:	-1	-2	-3	-4	-5	-6	-7	-8	
124:	0	0	0	0	0	0	0	0	
156:	1	2	3	-4	-5	-6	-7	8	

--------------------
Cycle 19:	72	LW R3, 0(R1)

Registers
R00:	88	100	0	-3	0	0	0	0
R08:	0	0	0	0	0	0	0	0
R16:	0	0	0	0	0	0	0	0
R24:	0	0	0	0	0	0	0	0

Data
92:	-1	-2	-3	-4	-5	-6	-7	-8	
124:	0	0	0	0	0	0	0	0	
156:	1	2	3	-4	-5	-6	-7	8	

--------------------
Cycle 20:	76	SW R3, 64(R1)

Registers
R00:	88	100	0	-3	0	0	0	0
R08:	0	0	0	0	0	0	0	0
R16:	0	0	0	0	0	0	0	0
R24:	0	0	0	0	0	0	0	0

Data
92:	-1	-2	-3	-4	-5	-6	-7	-8	
124:	0	0	0	0	0	0	0	0	
156:	1	2	-3	-4	-5	-6	-7	8	

--------------------
Cycle 21:	80	ADDI R1, R1, #-4

Registers
R00:	88	96	0	-3	0	0	0	0
R08:	0	0	0	0	0	0	0	0
R16:	0	0	0	0	0	0	0	0
R24:	0	0	0	0	0	0	0	0

Data
92:	-1	-2	-3	-4	-5	-6	-7	-8	
124:	0	0	0	0	0	0	0	0	
156:	1	2	-3	-4	-5	-6	-7	8	

--------------------
Cycle 22:	84	BNE R1, R0,  #-4

Registers
R00:	88	96	0	-3	0	0	0	0
R08:	0	0	0	0	0	0	0	0
R16:	0	0	0	0	0	0	0	0
R24:	0	0	0	0	0	0	0	0

Data
92:	-1	-2	-3	-4	-5	-6	-7	-8	
124:	0	0	0	0	0	0	0	0	
156:	1	2	-3	-4	-5	-6	-7	8	

--------------------
Cycle 23:	72	LW R3, 0(R1)

Registers
R00:	88	96	0	-2	0	0	0	0
R08:	0	0	0	0	0	0	0	0
R16:	0	0	0	0	0	0	0	0
R24:	0	0	0	0	0	0	0	0

Data
92:	-1	-2	-3	-4	-5	-6	-7	-8	
124:	0	0	0	0	0	0	0	0	
156:	1	2	-3	-4	-5	-6	-7	8	

--------------------
Cycle 24:	76	SW R3, 64(R1)

Registers
R00:	88	96	0	-2	0	0	0	0
R08:	0	0	0	0	0	0	0	0
R16:	0	0	0	0	0	0	0	0
R24:	0	0	0	0	0	0	0	0

Data
92:	-1	-2	-3	-4	-5	-6	-7	-8	
124:	0	0	0	0	0	0	0	0	
156:	1	-2	-3	-4	-5	-6	-7	8	

--------------------
Cycle 25:	80	ADDI R1, R1, #-4

Registers
R00:	88	92	0	-2	0	0	0	0
R08:	0	0	0	0	0	0	0	0
R16:	0	0	0	0	0	0	0	0
R24:	0	0	0	0	0	0	0	0

Data
92:	-1	-2	-3	-4	-5	-6	-7	-8	
124:	0	0	0	0	0	0	0	0	
156:	1	-2	-3	-4	-5	-6	-7	8	

--------------------
Cycle 26:	84	BNE R1, R0,  #-4

Registers
R00:	88	92	0	-2	0	0	0	0
R08:	0	0	0	0	0	0	0	0
R16:	0	0	0	0	0	0	0	0
R24:	0	0	0	0	0	0	0	0

Data
92:	-1	-2	-3	-4	-5	-6	-7	-8	
124:	0	0	0	0	0	0	0	0	
156:	1	-2	-3	-4	-5	-6	-7	8	

--------------------
Cycle 27:	72	LW R3, 0(R1)

Registers
R00:	88	92	0	-1	0	0	0	0
R08:	0	0	0	0	0	0	0	0
R16:	0	0	0	0	0	0	0	0
R24:	0	0	0	0	0	0	0	0

Data
92:	-1	-2	-3	-4	-5	-6	-7	-8	
124:	0	0	0	0	0	0	0	0	
156:	1	-2	-3	-4	-5	-6	-7	8	

--------------------
Cycle 28:	76	SW R3, 64(R1)

Registers
R00:	88	92	0	-1	0	0	0	0
R08:	0	0	0	0	0	0	0	0
R16:	0	0	0	0	0	0	0	0
R24:	0	0	0	0	0	0	0	0

Data
92:	-1	-2	-3	-4	-5	-6	-7	-8	
124:	0	0	0	0	0	0	0	0	
156:	-1	-2	-3	-4	-5	-6	-7	8	

--------------------
Cycle 29:	80	ADDI R1, R1, #-4

Registers
R00:	88	88	0	-1	0	0	0	0
R08:	0	0	0	0	0	0	0	0
R16:	0	0	0	0	0	0	0	0
R24:	0	0	0	0	0	0	0	0

Data
92:	-1	-2	-3	-4	-5	-6	-7	-8	
124:	0	0	0	0	0	0	0	0	
156:	-1	-2	-3	-4	-5	-6	-7	8	

--------------------
Cycle 30:	84	BNE R1, R0,  #-4

Registers
R00:	88	88	0	-1	0	0	0	0
R08:	0	0	0	0	0	0	0	0
R16:	0	0	0	0	0	0	0	0
R24:	0	0	0	0	0	0	0	0

Data
92:	-1	-2	-3	-4	-5	-6	-7	-8	
124:	0	0	0	0	0	0	0	0	
156:	-1	-2	-3	-4	-5	-6	-7	8	

--------------------
Cycle 31:	88	BREAK

Registers
R00:	88	88	0	-1	0	0	0	0
R08:	0	0	0	0	0	0	0	0
R16:	0	0	0	0	0	0	0	0
R24:	0	0	0	0	0	0	0	0

Data
92:	-1	-2	-3	-4	-5	-6	-7	-8	
124:	0	0	0	0	0	0	0	0	
156:	-1	-2	-3	-4	-5	-6	-7	8	

